100
70
1 2 3 8 9 10 11 12 13 15 16 17 19 21 22 23 24 27 28 29 30 32 33 34 38 40 43 44 45 46 47 49 50 52 53 55 57 58 61 62 65 66 68 69 70 71 76 81 82 84 86 88 90 91 92 93 94 95 97 
32
4 6 7 8 10 11 12 13 14 16 18 21 22 27 28 29 31 36 40 44 46 50 52 53 55 56 57 61 66 69 70 76 77 80 82 89 91 92 95 98 99 100 
88
2 4 5 9 17 18 22 24 26 28 29 33 34 36 37 39 41 45 46 47 48 49 51 52 57 59 60 61 62 66 72 79 80 81 85 90 91 92 95 99 
42
1 2 5 6 15 17 18 25 27 28 33 34 35 39 40 41 42 43 46 48 49 55 58 59 61 62 64 65 71 73 75 76 78 80 83 87 92 
47
2 9 14 22 30 40 44 46 55 65 74 88 92 
79
1 4 6 7 8 9 10 12 13 14 17 18 19 20 21 22 23 24 25 28 29 30 31 33 34 35 36 38 39 40 42 44 45 47 48 50 51 52 53 54 57 61 65 66 67 68 71 72 74 75 81 82 84 85 87 90 93 95 96 99 
78
1 2 3 4 11 16 18 19 24 26 27 35 36 39 44 45 50 54 55 56 57 63 69 72 77 84 89 
6
3 7 13 17 18 19 21 26 27 31 34 40 43 44 46 47 48 52 53 54 60 62 63 65 68 70 71 72 75 76 77 81 82 83 84 85 87 88 89 91 92 
83
20 23 56 90 
101
7 11 16 20 30 39 42 46 61 64 80 84 88 89 96 97 
6
14 35 40 46 50 54 59 61 63 76 77 88 96 
77
3 4 5 6 7 10 12 15 16 17 20 21 22 23 24 25 26 27 28 30 34 36 37 43 44 46 48 49 50 51 53 54 55 56 58 59 61 62 64 66 67 71 73 75 77 78 79 81 82 84 89 91 92 93 94 99 100 
29
5 7 12 13 18 21 23 27 34 37 39 40 41 42 44 45 46 48 50 52 53 59 60 63 64 65 66 67 69 70 72 73 75 78 81 85 86 87 90 99 100 
78
3 5 7 11 15 16 18 23 26 28 29 30 31 32 33 35 37 39 40 41 42 45 46 47 48 49 51 53 55 56 60 62 64 65 66 68 69 71 72 73 78 80 84 89 90 92 94 99 100 
20
6 9 16 20 23 35 51 53 60 68 69 85 86 98 100 
39
6 8 9 11 13 20 22 23 27 28 35 36 40 41 44 47 50 53 56 59 60 64 70 71 72 78 81 84 86 88 90 94 97 100 
13
1 2 3 4 7 10 11 12 14 17 18 19 20 21 22 23 24 25 26 27 28 29 30 32 33 35 37 38 41 52 54 55 56 59 61 62 64 67 68 69 70 73 74 76 78 79 83 86 88 89 90 92 95 96 99 
78
1 3 5 8 10 11 13 14 15 18 20 24 25 28 29 34 37 38 41 48 50 51 57 58 60 63 64 65 67 68 74 81 84 87 88 89 90 91 92 93 95 99 
75
35 37 56 58 89 98 
71
1 2 3 7 14 15 18 20 21 24 26 27 28 29 33 37 39 43 46 47 51 53 55 57 60 61 63 64 67 68 73 77 78 81 83 84 86 89 92 94 96 
77
4 5 6 7 8 9 10 12 15 17 18 20 21 22 24 26 27 28 29 33 36 37 38 42 43 45 47 48 49 50 51 53 54 56 57 58 59 63 64 68 69 70 71 74 75 76 81 82 86 87 88 89 90 92 93 94 95 98 100 
44
15 24 35 43 48 51 52 72 76 
88
1 2 3 4 5 7 8 9 11 12 14 17 19 20 21 23 25 28 30 34 38 39 41 42 45 46 47 48 51 54 55 61 69 70 71 73 74 78 79 80 82 83 84 85 86 87 88 90 91 92 93 94 97 99 
17
4 5 11 12 14 15 17 21 22 23 24 25 27 28 29 30 32 34 35 36 37 38 39 41 43 44 45 46 52 54 57 58 59 60 61 62 63 65 66 67 68 69 70 73 75 76 77 78 81 85 88 89 93 94 95 96 98 100 
53
1 3 4 5 7 9 10 11 13 15 16 17 20 21 22 24 27 28 29 31 32 33 34 41 42 43 44 45 46 47 50 52 54 55 56 57 58 59 62 64 66 67 68 69 71 74 75 77 78 81 82 83 84 86 87 88 90 91 92 96 97 99 
54
3 6 7 8 9 10 13 14 15 19 21 24 28 29 32 37 38 39 40 42 43 45 46 48 52 53 55 61 62 63 65 66 67 69 70 73 78 79 80 82 83 86 87 88 89 90 93 95 96 97 99 
22
4 10 11 14 16 18 19 21 23 24 34 35 38 39 44 49 51 55 57 61 62 66 68 69 71 72 73 75 76 77 79 86 91 94 96 
19
1 2 3 5 8 9 10 12 14 15 17 20 21 22 30 32 34 35 36 38 39 41 43 44 46 48 49 50 53 54 56 58 61 62 64 65 66 67 69 70 71 72 74 76 79 81 82 83 87 88 89 90 91 92 95 97 
20
4 13 25 26 27 28 29 31 32 42 52 54 57 59 62 64 65 67 70 71 74 75 77 80 82 85 86 87 89 92 93 95 98 
77
1 4 5 7 8 10 12 14 15 16 19 20 21 22 24 25 26 28 30 32 33 37 40 41 43 44 45 48 49 51 53 54 59 61 64 66 67 70 71 73 77 78 85 86 87 90 91 93 94 96 97 
47
1 6 8 11 19 25 26 28 31 32 34 35 36 39 44 45 47 50 51 52 62 63 64 69 70 72 74 78 82 86 87 88 89 90 93 
86
4 5 8 9 13 15 17 18 26 28 29 30 34 35 36 37 39 43 45 50 60 62 63 77 78 80 81 87 91 92 98 99 
80
1 7 11 13 25 26 30 40 53 60 63 67 68 79 82 83 91 
75
1 2 4 6 7 8 10 15 16 17 19 20 22 24 25 29 33 34 37 38 40 41 42 47 51 53 54 56 58 59 62 69 73 74 75 76 77 79 80 81 82 83 84 86 87 88 91 93 96 99 100 
39
12 20 29 42 47 72 
64
4 26 49 50 69 85 93 
43
44 59 78 85 
91
4 5 7 8 9 10 12 14 15 19 20 21 22 23 24 25 28 29 31 32 33 35 36 37 38 40 41 43 44 45 46 47 49 54 56 57 59 61 63 67 69 70 71 72 73 76 80 82 83 84 87 88 89 90 93 95 96 97 100 
19
8 9 12 15 16 17 18 24 25 26 27 29 30 33 35 37 38 41 43 46 52 54 56 59 65 66 67 71 72 73 74 77 78 79 82 83 84 85 86 88 90 91 92 93 95 99 
93
4 6 7 9 12 13 15 16 18 19 21 23 24 27 28 29 30 32 33 34 36 37 39 41 44 48 49 50 51 52 54 58 59 60 61 62 63 64 66 69 70 71 72 74 75 78 79 84 86 87 88 89 90 91 92 94 95 98 99 100 
27
7 11 13 15 21 24 27 28 29 31 33 39 40 41 43 44 45 46 47 48 51 53 54 56 58 60 61 62 64 69 70 71 72 73 76 77 80 81 82 83 84 85 88 89 91 93 96 99 100 
51
3 7 11 21 25 26 29 32 35 37 42 45 46 48 52 71 73 85 93 94 96 
49
6 9 10 18 19 20 25 30 32 39 48 61 63 65 69 72 73 78 82 83 87 88 90 96 
35
5 8 10 12 15 16 24 25 26 28 34 41 45 46 47 50 54 58 66 70 72 76 79 83 85 86 95 100 
58
1 3 4 5 6 7 8 9 12 13 15 17 19 21 22 24 26 27 31 32 33 34 35 36 37 38 44 45 46 47 49 51 52 53 55 59 63 65 69 72 78 83 84 89 95 96 98 99 100 
84
8 31 35 
97
1 3 4 8 9 13 17 19 22 26 29 34 35 36 40 41 42 43 45 51 56 60 62 64 65 68 70 77 78 83 97 100 
36
3 4 5 6 8 9 10 14 15 18 19 22 24 25 26 31 32 33 35 37 42 44 45 46 49 50 52 54 56 57 58 61 62 63 64 65 66 67 68 70 71 72 73 75 76 77 80 82 87 88 89 90 91 92 93 95 96 97 98 100 
65
1 7 10 11 14 17 19 20 24 25 27 28 29 30 31 33 36 38 39 40 41 42 44 45 46 47 49 51 54 55 56 57 58 59 60 61 62 63 65 67 68 69 72 75 78 81 82 84 85 87 89 93 95 96 98 99 
77
2 5 7 11 18 21 23 24 29 30 32 35 36 42 46 47 55 58 64 68 70 78 80 81 82 89 91 92 93 99 
78
1 4 5 6 11 12 13 14 16 17 18 21 24 26 29 31 32 34 36 37 39 40 42 43 46 48 49 52 54 55 56 57 58 60 61 63 64 65 66 67 68 71 73 74 75 77 78 79 81 82 83 84 85 91 92 93 94 96 99 
28
1 3 7 10 11 13 24 31 36 39 40 43 46 58 61 62 63 64 65 69 72 73 76 77 80 84 85 86 87 88 90 98 99 
34
1 2 3 6 7 8 9 10 13 14 15 17 18 19 20 22 23 26 27 28 31 32 35 36 37 38 41 45 48 49 50 52 53 55 56 57 60 61 63 64 67 68 69 71 72 75 77 78 81 87 88 90 92 93 
97
2 8 9 10 12 14 15 17 18 19 21 22 23 28 29 31 32 36 38 40 42 43 44 45 46 49 51 55 56 58 65 67 68 69 70 74 77 79 80 81 87 88 90 92 93 97 99 
46
4 7 9 11 17 18 19 21 24 26 28 29 33 34 36 37 40 41 42 44 49 51 54 58 59 61 63 66 70 72 73 74 75 76 77 78 80 83 90 92 95 96 98 100 
75
3 5 6 8 11 12 15 17 20 26 30 31 35 36 41 45 47 52 55 57 59 60 61 67 70 71 73 74 76 81 82 91 92 94 97 98 
92
2 3 5 6 12 13 14 15 16 18 19 20 21 22 25 26 30 31 32 33 35 37 38 42 44 49 50 59 62 63 67 71 72 73 77 79 80 85 88 89 91 92 93 99 
47
2 3 8 11 24 26 29 33 35 36 39 42 44 48 49 55 56 60 64 66 71 76 82 85 86 87 88 89 91 93 97 
78
1 2 4 6 7 8 9 12 15 16 17 18 20 22 23 25 26 27 31 34 36 37 38 39 40 42 43 45 48 49 55 57 60 61 62 63 64 66 67 69 70 71 73 74 76 79 82 83 84 85 86 88 89 90 92 94 96 100 
21
8 12 18 31 36 46 50 52 54 55 59 62 64 67 77 79 82 89 92 95 
62
1 2 4 5 6 9 10 11 12 17 18 22 24 25 27 29 30 31 33 35 37 38 40 43 45 46 51 53 54 55 57 59 60 64 66 67 68 69 70 71 72 75 77 78 79 80 82 84 85 87 88 89 91 92 93 98 99 100 
101
1 2 3 4 7 9 13 14 15 18 19 20 21 22 24 25 28 30 32 34 35 36 38 39 44 45 47 48 49 50 53 54 55 57 58 60 61 63 65 66 73 74 75 76 78 84 85 88 89 90 92 93 94 95 96 98 99 
27
4 32 40 42 48 58 63 72 73 74 77 78 79 86 89 94 99 
30
1 6 11 15 25 28 46 47 67 77 86 87 90 91 93 94 100 
89
2 5 6 8 9 14 15 22 30 32 33 35 36 38 40 43 44 45 47 55 56 59 60 61 63 70 74 76 78 80 81 82 83 85 86 89 90 92 94 99 
100
1 2 3 4 5 6 11 13 18 19 20 21 22 24 25 26 28 29 32 33 36 40 43 44 47 48 53 56 58 59 62 64 68 72 73 74 75 78 79 81 84 85 86 88 91 92 99 
38
3 4 10 18 25 26 27 30 32 39 41 42 43 45 52 53 65 69 73 75 81 83 84 85 88 95 97 100 
16
1 2 3 4 5 6 7 8 9 11 12 13 16 17 21 24 26 27 30 31 32 34 35 36 37 38 41 49 53 54 56 62 63 64 65 66 67 68 73 76 79 80 84 86 87 89 90 91 93 95 97 100 
21
2 6 9 11 16 25 28 30 34 44 51 54 55 57 64 71 75 76 82 96 
15
68 70 51 32 76 58 7 80 31 18 34 78 8 67 48 26 19 40 88 90 36 97 59 47 56 37 20 65 86 46 55 50 52 28 24 74 38 73 81 27 75 
56
