1000
250
1 251 2 501 751
5
2 252 3 502 752
5
3 253 4 503 753
5
4 254 5 504 754
4
5 255 6 505 755
4
6 256 7 506 756
4
7 257 8 507 757
5
8 258 9 508 758
4
9 259 10 509 759
4
10 260 11 510 760
5
11 261 12 511 761
5
12 262 13 512 762
5
13 263 14 513 763
4
14 264 15 514 764
5
15 265 16 515 765
5
16 266 17 516 766
5
17 267 18 517 767
4
18 268 19 518 768
5
19 269 20 519 769
4
20 270 21 520 770
4
21 271 22 521 771
4
22 272 23 522 772
5
23 273 24 523 773
5
24 274 25 524 774
5
25 275 26 525 775
5
26 276 27 526 776
5
27 277 28 527 777
4
28 278 29 528 778
4
29 279 30 529 779
4
30 280 31 530 780
5
31 281 32 531 781
4
32 282 33 532 782
5
33 283 34 533 783
5
34 284 35 534 784
5
35 285 36 535 785
5
36 286 37 536 786
4
37 287 38 537 787
4
38 288 39 538 788
4
39 289 40 539 789
5
40 290 41 540 790
5
41 291 42 541 791
4
42 292 43 542 792
5
43 293 44 543 793
5
44 294 45 544 794
4
45 295 46 545 795
5
46 296 47 546 796
5
47 297 48 547 797
4
48 298 49 548 798
5
49 299 50 549 799
5
50 300 51 550 800
4
51 301 52 551 801
4
52 302 53 552 802
5
53 303 54 553 803
5
54 304 55 554 804
4
55 305 56 555 805
4
56 306 57 556 806
5
57 307 58 557 807
4
58 308 59 558 808
5
59 309 60 559 809
4
60 310 61 560 810
5
61 311 62 561 811
5
62 312 63 562 812
4
63 313 64 563 813
5
64 314 65 564 814
5
65 315 66 565 815
5
66 316 67 566 816
5
67 317 68 567 817
5
68 318 69 568 818
5
69 319 70 569 819
4
70 320 71 570 820
5
71 321 72 571 821
4
72 322 73 572 822
4
73 323 74 573 823
4
74 324 75 574 824
4
75 325 76 575 825
5
76 326 77 576 826
5
77 327 78 577 827
4
78 328 79 578 828
5
79 329 80 579 829
5
80 330 81 580 830
5
81 331 82 581 831
4
82 332 83 582 832
5
83 333 84 583 833
5
84 334 85 584 834
4
85 335 86 585 835
4
86 336 87 586 836
5
87 337 88 587 837
4
88 338 89 588 838
4
89 339 90 589 839
4
90 340 91 590 840
4
91 341 92 591 841
5
92 342 93 592 842
4
93 343 94 593 843
4
94 344 95 594 844
4
95 345 96 595 845
5
96 346 97 596 846
5
97 347 98 597 847
4
98 348 99 598 848
5
99 349 100 599 849
5
100 350 101 600 850
4
101 351 102 601 851
5
102 352 103 602 852
5
103 353 104 603 853
5
104 354 105 604 854
4
105 355 106 605 855
4
106 356 107 606 856
4
107 357 108 607 857
5
108 358 109 608 858
4
109 359 110 609 859
4
110 360 111 610 860
4
111 361 112 611 861
5
112 362 113 612 862
5
113 363 114 613 863
5
114 364 115 614 864
5
115 365 116 615 865
5
116 366 117 616 866
4
117 367 118 617 867
4
118 368 119 618 868
5
119 369 120 619 869
4
120 370 121 620 870
4
121 371 122 621 871
5
122 372 123 622 872
5
123 373 124 623 873
5
124 374 125 624 874
4
125 375 126 625 875
4
126 376 127 626 876
4
127 377 128 627 877
4
128 378 129 628 878
5
129 379 130 629 879
5
130 380 131 630 880
4
131 381 132 631 881
4
132 382 133 632 882
5
133 383 134 633 883
4
134 384 135 634 884
5
135 385 136 635 885
4
136 386 137 636 886
5
137 387 138 637 887
4
138 388 139 638 888
5
139 389 140 639 889
5
140 390 141 640 890
4
141 391 142 641 891
4
142 392 143 642 892
4
143 393 144 643 893
5
144 394 145 644 894
4
145 395 146 645 895
4
146 396 147 646 896
4
147 397 148 647 897
5
148 398 149 648 898
5
149 399 150 649 899
4
150 400 151 650 900
4
151 401 152 651 901
5
152 402 153 652 902
5
153 403 154 653 903
4
154 404 155 654 904
4
155 405 156 655 905
4
156 406 157 656 906
5
157 407 158 657 907
4
158 408 159 658 908
4
159 409 160 659 909
4
160 410 161 660 910
4
161 411 162 661 911
5
162 412 163 662 912
5
163 413 164 663 913
5
164 414 165 664 914
4
165 415 166 665 915
5
166 416 167 666 916
4
167 417 168 667 917
4
168 418 169 668 918
5
169 419 170 669 919
5
170 420 171 670 920
5
171 421 172 671 921
4
172 422 173 672 922
4
173 423 174 673 923
4
174 424 175 674 924
4
175 425 176 675 925
4
176 426 177 676 926
4
177 427 178 677 927
5
178 428 179 678 928
5
179 429 180 679 929
5
180 430 181 680 930
5
181 431 182 681 931
5
182 432 183 682 932
5
183 433 184 683 933
5
184 434 185 684 934
5
185 435 186 685 935
5
186 436 187 686 936
5
187 437 188 687 937
5
188 438 189 688 938
5
189 439 190 689 939
5
190 440 191 690 940
5
191 441 192 691 941
5
192 442 193 692 942
4
193 443 194 693 943
5
194 444 195 694 944
4
195 445 196 695 945
4
196 446 197 696 946
4
197 447 198 697 947
5
198 448 199 698 948
5
199 449 200 699 949
5
200 450 201 700 950
5
201 451 202 701 951
4
202 452 203 702 952
4
203 453 204 703 953
4
204 454 205 704 954
5
205 455 206 705 955
5
206 456 207 706 956
5
207 457 208 707 957
4
208 458 209 708 958
5
209 459 210 709 959
5
210 460 211 710 960
5
211 461 212 711 961
4
212 462 213 712 962
4
213 463 214 713 963
4
214 464 215 714 964
5
215 465 216 715 965
4
216 466 217 716 966
5
217 467 218 717 967
5
218 468 219 718 968
5
219 469 220 719 969
4
220 470 221 720 970
5
221 471 222 721 971
4
222 472 223 722 972
4
223 473 224 723 973
5
224 474 225 724 974
5
225 475 226 725 975
4
226 476 227 726 976
4
227 477 228 727 977
4
228 478 229 728 978
5
229 479 230 729 979
4
230 480 231 730 980
4
231 481 232 731 981
5
232 482 233 732 982
5
233 483 234 733 983
5
234 484 235 734 984
4
235 485 236 735 985
4
236 486 237 736 986
5
237 487 238 737 987
4
238 488 239 738 988
5
239 489 240 739 989
4
240 490 241 740 990
4
241 491 242 741 991
5
242 492 243 742 992
4
243 493 244 743 993
5
244 494 245 744 994
5
245 495 246 745 995
4
246 496 247 746 996
4
247 497 248 747 997
4
248 498 249 748 998
4
249 499 250 749 999
5
