50
45
2 3 4 5 6 10 11 12 13 14 15 16 18 19 20 21 23 24 26 27 28 29 31 32 33 36 37 38 39 40 41 42 44 45 49 50 
12
5 18 25 28 31 34 38 40 41 42 45 48 
18
3 4 5 6 8 9 10 11 12 13 14 15 17 18 19 20 23 24 25 27 29 30 33 34 37 38 39 40 41 44 46 47 49 
34
3 4 5 6 8 10 12 14 15 17 18 22 23 26 27 28 32 33 36 37 39 40 41 42 43 45 46 47 49 
38
8 11 15 24 48 
32
1 4 6 8 13 14 15 16 18 19 21 30 31 32 34 37 38 40 42 43 45 46 47 49 50 
40
5 6 7 10 14 25 28 29 35 38 42 47 49 
15
4 5 7 8 9 10 11 14 15 16 17 18 21 24 27 28 29 30 32 33 34 36 37 40 41 42 43 45 49 50 
12
1 3 5 7 9 10 11 13 16 17 18 21 22 23 25 26 27 28 30 31 32 33 34 37 39 41 43 44 45 46 47 48 
2
1 2 3 4 7 10 11 15 16 17 18 19 20 22 23 24 27 28 31 32 33 35 38 41 48 49 
11
1 3 6 8 10 12 13 15 18 21 22 27 28 29 30 31 33 35 36 37 38 42 43 45 46 48 49 50 
46
2 3 5 7 8 9 12 14 15 20 22 24 25 26 28 29 32 34 35 36 38 39 42 43 45 46 49 50 
7
4 5 9 10 11 12 13 14 17 20 21 22 27 28 29 30 31 32 34 35 38 39 40 43 44 45 48 50 
34
3 4 6 7 8 11 12 13 14 15 17 18 23 25 26 27 31 34 36 37 38 46 48 49 
11
1 2 3 5 6 7 8 9 13 14 18 19 21 24 25 27 31 32 33 36 37 39 42 45 46 47 48 
11
1 4 5 7 10 15 16 19 21 23 29 30 37 40 41 42 44 45 
30
1 2 3 4 5 7 8 9 10 13 14 15 17 22 23 24 26 28 33 35 39 41 42 44 45 46 47 49 50 
13
4 5 6 12 14 18 20 21 24 26 28 30 31 32 33 34 36 37 39 44 48 
41
1 2 10 13 16 19 26 27 33 35 36 39 40 43 45 48 
5
1 11 17 18 19 21 30 39 
35
4 5 7 8 14 18 19 20 21 22 25 26 28 29 32 33 34 35 36 37 38 41 43 44 45 46 47 48 49 
28
1 5 9 10 13 15 19 22 23 24 27 34 37 40 41 50 
28
1 2 5 6 7 11 13 20 21 23 24 32 36 38 40 44 46 47 49 50 
10
2 8 9 12 13 15 18 20 24 27 28 30 31 37 40 42 44 46 49 
28
1 2 3 4 6 8 9 11 12 13 14 17 18 19 20 22 23 24 26 28 29 32 33 34 35 36 37 38 41 44 45 46 48 
47
18 33 48 
9
2 3 4 5 7 9 10 11 12 14 16 17 19 22 23 24 25 26 27 28 31 36 37 39 40 41 42 43 44 45 47 49 50 
41
1 4 5 6 8 9 10 15 19 22 23 25 26 27 31 33 38 40 42 43 47 49 
48
3 6 10 12 13 14 17 19 20 21 23 24 25 26 30 31 33 34 35 37 38 39 40 41 44 46 47 49 50 
22
1 2 3 4 5 6 9 14 15 17 22 24 26 27 28 30 31 32 35 36 39 40 44 45 46 48 49 50 
14
1 3 5 6 7 9 10 11 13 14 18 19 20 21 22 23 24 27 28 32 33 34 35 37 38 39 41 43 45 46 47 48 
9
1 3 9 11 13 16 22 26 28 33 35 37 45 47 
33
1 3 4 5 6 7 8 10 12 15 16 17 20 21 22 24 25 28 30 31 32 33 34 36 38 41 42 43 44 45 47 50 
43
7 9 15 16 27 33 40 42 49 50 
23
1 2 3 7 8 34 
14
1 2 6 8 9 10 11 13 14 15 16 17 20 21 22 23 24 26 27 28 29 30 32 33 34 36 40 41 43 45 46 47 49 50 
22
1 2 3 4 9 10 12 13 18 25 27 40 41 42 43 
40
2 3 8 9 12 19 20 22 23 24 32 33 35 36 37 38 42 44 46 47 
41
1 3 4 6 7 11 14 15 18 19 22 23 27 28 31 33 35 38 39 44 46 49 
41
5 11 12 13 14 19 20 21 22 23 24 25 29 31 33 36 38 40 41 44 46 47 48 
2
1 5 21 23 41 44 
5
5 8 11 12 13 17 21 33 
32
2 4 6 7 12 16 20 21 22 25 31 32 40 45 47 
27
18 42 
13
17 14 36 16 48 8 26 23 24 2 13 46 49 45 7 6 43 35 22 31 11 34 15 44 50 9 25 18 40 10 20 
7
