1000
500
1 2 3 4 5 6 7 8 9 10 11 12 13 14 15 16 17 18 19 20 21 22 23 24 25 26 27 28 29 30 31 32 33 34 35 36 37 38 39 40 41 42 43 44 45 46 47 48 49 50 51 52 53 54 55 56 57 58 59 60 61 62 63 64 65 66 67 68 69 70 71 72 73 74 75 76 77 78 79 80 81 82 83 84 85 86 87 88 89 90 91 92 93 94 95 96 97 98 99 100 101 102 103 104 105 106 107 108 109 110 111 112 113 114 115 116 117 118 119 120 121 122 123 124 125 126 127 128 129 130 131 132 133 134 135 136 137 138 139 140 141 142 143 144 145 146 147 148 149 150 151 152 153 154 155 156 157 158 159 160 161 162 163 164 165 166 167 168 169 170 171 172 173 174 175 176 177 178 179 180 181 182 183 184 185 186 187 188 189 190 191 192 193 194 195 196 197 198 199 200 201 202 203 204 205 206 207 208 209 210 211 212 213 214 215 216 217 218 219 220 221 222 223 224 225 226 227 228 229 230 231 232 233 234 235 236 237 238 239 240 241 242 243 244 245 246 247 248 249 250 251 252 253 254 255 256 257 258 259 260 261 262 263 264 265 266 267 268 269 270 271 272 273 274 275 276 277 278 279 280 281 282 283 284 285 286 287 288 289 290 291 292 293 294 295 296 297 298 299 300 301 302 303 304 305 306 307 308 309 310 311 312 313 314 315 316 317 318 319 320 321 322 323 324 325 326 327 328 329 330 331 332 333 334 335 336 337 338 339 340 341 342 343 344 345 346 347 348 349 350 351 352 353 354 355 356 357 358 359 360 361 362 363 364 365 366 367 368 369 370 371 372 373 374 375 376 377 378 379 380 381 382 383 384 385 386 387 388 389 390 391 392 393 394 395 396 397 398 399 400 401 402 403 404 405 406 407 408 409 410 411 412 413 414 415 416 417 418 419 420 421 422 423 424 425 426 427 428 429 430 431 432 433 434 435 436 437 438 439 440 441 442 443 444 445 446 447 448 449 450 451 452 453 454 455 456 457 458 459 460 461 462 463 464 465 466 467 468 469 470 471 472 473 474 475 476 477 478 479 480 481 482 483 484 485 486 487 488 489 490 491 492 493 494 495 496 497 498 499 500 501 502 503 504 505 506 507 508 509 510 511 512 513 514 515 516 517 518 519 520 521 522 523 524 525 526 527 528 529 530 531 532 533 534 535 536 537 538 539 540 541 542 543 544 545 546 547 548 549 550 551 552 553 554 555 556 557 558 559 560 561 562 563 564 565 566 567 568 569 570 571 572 573 574 575 576 577 578 579 580 581 582 583 584 585 586 587 588 589 590 591 592 593 594 595 596 597 598 599 600 601 602 603 604 605 606 607 608 609 610 611 612 613 614 615 616 617 618 619 620 621 622 623 624 625 626 627 628 629 630 631 632 633 634 635 636 637 638 639 640 641 642 643 644 645 646 647 648 649 650 651 652 653 654 655 656 657 658 659 660 661 662 663 664 665 666 667 668 669 670 671 672 673 674 675 676 677 678 679 680 681 682 683 684 685 686 687 688 689 690 691 692 693 694 695 696 697 698 699 700 701 702 703 704 705 706 707 708 709 710 711 712 713 714 715 716 717 718 719 720 721 722 723 724 725 726 727 728 729 730 731 732 733 734 735 736 737 738 739 740 741 742 743 744 745 746 747 748 749 750 751 752 753 754 755 756 757 758 759 760 761 762 763 764 765 766 767 768 769 770 771 772 773 774 775 776 777 778 779 780 781 782 783 784 785 786 787 788 789 790 791 792 793 794 795 796 797 798 799 800 801 802 803 804 805 806 807 808 809 810 811 812 813 814 815 816 817 818 819 820 821 822 823 824 825 826 827 828 829 830 831 832 833 834 835 836 837 838 839 840 841 842 843 844 845 846 847 848 849 850 851 852 853 854 855 856 857 858 859 860 861 862 863 864 865 866 867 868 869 870 871 872 873 874 875 876 877 878 879 880 881 882 883 884 885 886 887 888 889 890 891 892 893 894 895 896 897 898 899 900 901 902 903 904 905 906 907 908 909 910 911 912 913 914 915 916 917 918 919 920 921 922 923 924 925 926 927 928 929 930 931 932 933 934 935 936 937 938 939 940 941 942 943 944 945 946 947 948 949 950 951 952 953 954 955 956 957 958 959 960 961 962 963 964 965 966 967 968 969 970 971 972 973 974 975 976 977 978 979 980 981 982 983 984 985 986 987 988 989 990 991 992 993 994 995 996 997 998 999 1000
1000
1 2 3 4 5 6 7 8 9 10 11 12 13 14 15 16 17 18 19 20
20
21 22 23 24 25 26 27 28 29 30 31 32 33 34 35 36 37 38 39 40
20
41 42 43 44 45 46 47 48 49 50 51 52 53 54 55 56 57 58 59 60
20
61 62 63 64 65 66 67 68 69 70 71 72 73 74 75 76 77 78 79 80
20
81 82 83 84 85 86 87 88 89 90 91 92 93 94 95 96 97 98 99 100
20
101 102 103 104 105 106 107 108 109 110 111 112 113 114 115 116 117 118 119 120
20
121 122 123 124 125 126 127 128 129 130 131 132 133 134 135 136 137 138 139 140
20
141 142 143 144 145 146 147 148 149 150 151 152 153 154 155 156 157 158 159 160
20
161 162 163 164 165 166 167 168 169 170 171 172 173 174 175 176 177 178 179 180
20
181 182 183 184 185 186 187 188 189 190 191 192 193 194 195 196 197 198 199 200
20
201 202 203 204 205 206 207 208 209 210 211 212 213 214 215 216 217 218 219 220
20
221 222 223 224 225 226 227 228 229 230 231 232 233 234 235 236 237 238 239 240
20
241 242 243 244 245 246 247 248 249 250 251 252 253 254 255 256 257 258 259 260
20
261 262 263 264 265 266 267 268 269 270 271 272 273 274 275 276 277 278 279 280
20
281 282 283 284 285 286 287 288 289 290 291 292 293 294 295 296 297 298 299 300
20
301 302 303 304 305 306 307 308 309 310 311 312 313 314 315 316 317 318 319 320
20
321 322 323 324 325 326 327 328 329 330 331 332 333 334 335 336 337 338 339 340
20
341 342 343 344 345 346 347 348 349 350 351 352 353 354 355 356 357 358 359 360
20
361 362 363 364 365 366 367 368 369 370 371 372 373 374 375 376 377 378 379 380
20
381 382 383 384 385 386 387 388 389 390 391 392 393 394 395 396 397 398 399 400
20
401 402 403 404 405 406 407 408 409 410 411 412 413 414 415 416 417 418 419 420
20
421 422 423 424 425 426 427 428 429 430 431 432 433 434 435 436 437 438 439 440
20
441 442 443 444 445 446 447 448 449 450 451 452 453 454 455 456 457 458 459 460
20
461 462 463 464 465 466 467 468 469 470 471 472 473 474 475 476 477 478 479 480
20
481 482 483 484 485 486 487 488 489 490 491 492 493 494 495 496 497 498 499 500
20
501 502 503 504 505 506 507 508 509 510 511 512 513 514 515 516 517 518 519 520
20
521 522 523 524 525 526 527 528 529 530 531 532 533 534 535 536 537 538 539 540
20
541 542 543 544 545 546 547 548 549 550 551 552 553 554 555 556 557 558 559 560
20
561 562 563 564 565 566 567 568 569 570 571 572 573 574 575 576 577 578 579 580
20
581 582 583 584 585 586 587 588 589 590 591 592 593 594 595 596 597 598 599 600
20
601 602 603 604 605 606 607 608 609 610 611 612 613 614 615 616 617 618 619 620
20
621 622 623 624 625 626 627 628 629 630 631 632 633 634 635 636 637 638 639 640
20
641 642 643 644 645 646 647 648 649 650 651 652 653 654 655 656 657 658 659 660
20
661 662 663 664 665 666 667 668 669 670 671 672 673 674 675 676 677 678 679 680
20
681 682 683 684 685 686 687 688 689 690 691 692 693 694 695 696 697 698 699 700
20
701 702 703 704 705 706 707 708 709 710 711 712 713 714 715 716 717 718 719 720
20
721 722 723 724 725 726 727 728 729 730 731 732 733 734 735 736 737 738 739 740
20
741 742 743 744 745 746 747 748 749 750 751 752 753 754 755 756 757 758 759 760
20
761 762 763 764 765 766 767 768 769 770 771 772 773 774 775 776 777 778 779 780
20
781 782 783 784 785 786 787 788 789 790 791 792 793 794 795 796 797 798 799 800
20
801 802 803 804 805 806 807 808 809 810 811 812 813 814 815 816 817 818 819 820
20
821 822 823 824 825 826 827 828 829 830 831 832 833 834 835 836 837 838 839 840
20
841 842 843 844 845 846 847 848 849 850 851 852 853 854 855 856 857 858 859 860
20
861 862 863 864 865 866 867 868 869 870 871 872 873 874 875 876 877 878 879 880
20
881 882 883 884 885 886 887 888 889 890 891 892 893 894 895 896 897 898 899 900
20
901 902 903 904 905 906 907 908 909 910 911 912 913 914 915 916 917 918 919 920
20
921 922 923 924 925 926 927 928 929 930 931 932 933 934 935 936 937 938 939 940
20
941 942 943 944 945 946 947 948 949 950 951 952 953 954 955 956 957 958 959 960
20
961 962 963 964 965 966 967 968 969 970 971 972 973 974 975 976 977 978 979 980
20
981 982 983 984 985 986 987 988 989 990 991 992 993 994 995 996 997 998 999 1000
20
440 53 75 50 104
6
265 749 678 50 760
3
429 750 480 50 863
4
586 758 595 50 567
5
59 734 703 50 966
6
65 392 902 50 443
4
114 737 421 50 541
6
174 324 238 50 619
3
829 215 284 50 757
4
488 97 722 50 392
5
118 541 57 50 149
4
411 626 840 50 480
6
263 936 203 50 554
5
548 611 976 50 369
3
603 259 888 50 281
5
658 288 879 50 386
4
817 220 91 50 804
6
172 642 229 50 174
5
7 778 36 50 426
4
426 881 779 50 862
5
362 815 238 50 727
6
4 932 246 50 921
4
22 388 896 50 149
4
651 124 420 50 457
3
899 528 6 50 331
5
190 671 928 50 87
4
401 560 822 50 186
3
363 347 848 50 253
6
992 114 511 50 533
6
83 972 66 50 698
3
71 673 568 50 673
6
406 67 781 50 593
5
376 527 326 50 6
6
577 235 113 50 356
5
393 958 788 50 365
4
41 620 971 50 536
4
911 861 682 50 722
5
878 576 372 50 437
5
524 291 988 50 644
3
48 147 509 50 693
3
873 950 705 50 980
6
270 694 721 50 672
6
834 168 316 50 791
3
993 13 170 50 85
6
449 602 478 50 231
5
185 515 22 50 115
5
65 496 964 50 559
3
943 919 366 50 956
6
731 327 665 50 599
4
649 653 44 50 613
6
632 237 343 50 744
5
194 675 510 50 612
4
686 668 912 50 249
6
226 746 721 50 661
4
975 841 341 50 283
5
783 133 91 50 899
4
110 601 427 50 808
6
305 925 684 50 144
5
454 31 214 50 366
3
51 655 302 50 588
3
16 530 45 50 290
4
98 927 246 50 714
6
688 586 23 50 445
5
150 497 877 50 9
5
951 766 778 50 353
4
548 363 311 50 832
3
217 374 874 50 246
3
157 909 308 50 62
4
822 570 707 50 357
5
551 711 102 50 764
6
69 654 480 50 305
5
416 536 935 50 881
6
662 443 393 50 2
4
753 320 644 50 475
5
907 61 306 50 351
4
469 629 830 50 184
6
698 84 913 50 837
4
772 452 402 50 331
6
465 224 888 50 100
4
411 710 858 50 139
5
272 180 364 50 12
5
132 125 874 50 577
6
568 419 369 50 639
5
652 908 646 50 916
4
82 779 235 50 319
6
47 460 19 50 65
4
243 507 595 50 801
6
908 306 1 50 691
3
221 677 944 50 849
5
741 979 529 50 862
3
316 355 205 50 947
6
286 28 523 50 974
4
370 903 719 50 515
5
202 56 820 50 653
6
896 211 763 50 189
6
481 668 717 50 840
4
419 890 566 50 698
6
977 158 695 50 180
4
516 733 113 50 500
3
102 311 806 50 273
6
808 470 218 50 279
4
762 21 771 50 273
3
766 129 947 50 803
4
485 829 627 50 39
3
674 304 716 50 447
4
471 324 932 50 976
5
144 219 987 50 749
6
680 0 661 50 987
6
727 342 124 50 412
5
516 454 444 50 763
4
258 803 469 50 673
3
807 160 665 50 118
4
175 65 980 50 163
5
548 163 830 50 616
5
239 549 703 50 614
5
573 675 92 50 20
6
933 116 960 50 567
3
163 336 773 50 736
4
611 65 652 50 920
5
267 649 693 50 537
4
273 452 195 50 957
4
776 881 742 50 363
3
219 566 819 50 907
6
899 88 903 50 659
5
293 400 381 50 89
4
75 277 379 50 860
4
997 666 387 50 528
6
95 61 662 50 504
5
463 355 604 50 961
3
456 34 833 50 281
3
985 908 921 50 838
6
27 333 537 50 305
6
390 887 815 50 343
4
529 810 660 50 315
4
399 237 324 50 594
4
528 402 952 50 414
3
583 779 354 50 540
6
986 221 472 50 471
6
898 475 520 50 393
3
753 776 376 50 780
5
66 56 190 50 443
4
32 632 539 50 427
4
293 576 634 50 220
6
707 426 660 50 236
4
992 448 313 50 3
5
619 567 241 50 172
3
845 147 283 50 429
5
720 961 158 50 485
5
896 671 70 50 73
4
214 719 911 50 7
5
487 340 624 50 265
4
164 604 894 50 532
4
729 262 134 50 309
5
252 142 820 50 351
3
171 293 120 50 86
5
11 510 242 50 202
5
298 517 806 50 339
6
501 126 884 50 254
5
688 983 615 50 958
5
218 587 326 50 807
6
576 865 114 50 661
4
64 639 46 50 367
6
633 66 683 50 836
5
765 132 285 50 373
3
359 478 794 50 86
4
811 461 648 50 746
6
72 409 900 50 238
5
416 829 72 50 256
5
877 294 227 50 569
4
880 218 833 50 144
3
369 261 568 50 715
5
729 261 93 50 859
4
674 698 585 50 402
6
346 108 911 50 73
3
882 104 663 50 94
3
286 710 972 50 302
4
700 663 779 50 317
5
88 529 418 50 269
5
433 28 708 50 868
5
763 564 262 50 415
6
361 229 943 50 134
6
712 497 728 50 720
5
742 676 206 50 402
4
270 650 430 50 5
3
406 315 487 50 840
4
728 668 938 50 721
4
491 770 141 50 42
5
117 387 980 50 173
4
328 238 699 50 882
5
976 381 590 50 651
4
593 483 56 50 151
6
439 198 351 50 254
4
376 692 633 50 846
4
211 783 638 50 788
4
780 976 286 50 254
3
363 990 170 50 238
6
708 388 378 50 563
5
208 599 912 50 854
3
656 366 546 50 471
3
1 251 86 501 751
4
2 252 938 502 752
5
3 253 879 503 753
4
4 254 376 504 754
4
5 255 189 505 755
5
6 256 995 506 756
4
7 257 335 507 757
4
8 258 719 508 758
5
9 259 72 509 759
4
10 260 403 510 760
4
11 261 864 511 761
5
12 262 342 512 762
4
13 263 563 513 763
4
14 264 68 514 764
5
15 265 211 515 765
5
16 266 585 516 766
4
17 267 386 517 767
5
18 268 293 518 768
5
19 269 394 519 769
5
20 270 520 520 770
4
21 271 784 521 771
5
22 272 519 522 772
4
23 273 542 523 773
4
24 274 224 524 774
5
25 275 256 525 775
4
26 276 955 526 776
4
27 277 122 527 777
4
28 278 202 528 778
5
29 279 144 529 779
5
30 280 738 530 780
4
31 281 126 531 781
4
32 282 994 532 782
5
33 283 857 533 783
4
34 284 60 534 784
5
35 285 30 535 785
4
36 286 810 536 786
5
37 287 353 537 787
4
38 288 522 538 788
4
39 289 96 539 789
4
40 290 237 540 790
4
41 291 89 541 791
4
42 292 612 542 792
4
43 293 833 543 793
5
44 294 764 544 794
4
45 295 623 545 795
4
46 296 92 546 796
5
47 297 25 547 797
5
48 298 148 548 798
4
49 299 525 549 799
5
50 300 128 550 800
4
51 301 234 551 801
5
52 302 733 552 802
4
53 303 8 553 803
5
54 304 572 554 804
4
55 305 941 555 805
4
56 306 101 556 806
5
57 307 122 557 807
4
58 308 117 558 808
5
59 309 630 559 809
4
60 310 419 560 810
4
61 311 953 561 811
5
62 312 167 562 812
5
63 313 347 563 813
4
64 314 284 564 814
4
65 315 701 565 815
4
66 316 792 566 816
4
67 317 824 567 817
4
68 318 962 568 818
5
69 319 6 569 819
4
70 320 179 570 820
5
71 321 622 571 821
4
72 322 720 572 822
5
73 323 123 573 823
5
74 324 551 574 824
4
75 325 975 575 825
5
76 326 423 576 826
4
77 327 764 577 827
4
78 328 413 578 828
5
79 329 203 579 829
4
80 330 669 580 830
4
81 331 73 581 831
4
82 332 990 582 832
4
83 333 143 583 833
4
84 334 264 584 834
4
85 335 121 585 835
4
86 336 962 586 836
4
87 337 209 587 837
4
88 338 719 588 838
4
89 339 772 589 839
5
90 340 473 590 840
4
91 341 165 591 841
4
92 342 290 592 842
4
93 343 441 593 843
4
94 344 150 594 844
5
95 345 3 595 845
5
96 346 589 596 846
5
97 347 617 597 847
5
98 348 63 598 848
5
99 349 671 599 849
5
100 350 128 600 850
5
101 351 810 601 851
5
102 352 479 602 852
5
103 353 447 603 853
4
104 354 514 604 854
4
105 355 501 605 855
4
106 356 780 606 856
5
107 357 793 607 857
5
108 358 250 608 858
5
109 359 513 609 859
5
110 360 874 610 860
5
111 361 450 611 861
4
112 362 356 612 862
5
113 363 453 613 863
5
114 364 997 614 864
5
115 365 184 615 865
4
116 366 602 616 866
5
117 367 746 617 867
5
118 368 395 618 868
5
119 369 609 619 869
4
120 370 80 620 870
4
121 371 191 621 871
5
122 372 544 622 872
5
123 373 121 623 873
4
124 374 863 624 874
5
125 375 794 625 875
5
126 376 719 626 876
4
127 377 152 627 877
5
128 378 539 628 878
4
129 379 222 629 879
5
130 380 952 630 880
5
131 381 826 631 881
5
132 382 221 632 882
4
133 383 47 633 883
5
134 384 317 634 884
5
135 385 797 635 885
5
136 386 114 636 886
5
137 387 936 637 887
4
138 388 476 638 888
4
139 389 407 639 889
5
140 390 714 640 890
5
141 391 245 641 891
5
142 392 464 642 892
5
143 393 781 643 893
4
144 394 266 644 894
5
145 395 474 645 895
4
146 396 960 646 896
4
147 397 805 647 897
4
148 398 82 648 898
4
149 399 587 649 899
5
150 400 190 650 900
5
151 401 485 651 901
4
152 402 871 652 902
5
153 403 281 653 903
4
154 404 928 654 904
4
155 405 809 655 905
4
156 406 642 656 906
4
157 407 579 657 907
5
158 408 291 658 908
5
159 409 305 659 909
4
160 410 384 660 910
5
161 411 514 661 911
4
162 412 459 662 912
5
163 413 697 663 913
4
164 414 536 664 914
4
165 415 916 665 915
5
166 416 437 666 916
4
167 417 208 667 917
5
168 418 864 668 918
5
169 419 522 669 919
5
170 420 430 670 920
5
171 421 785 671 921
4
172 422 744 672 922
4
173 423 723 673 923
4
174 424 24 674 924
4
175 425 597 675 925
5
176 426 70 676 926
4
177 427 327 677 927
5
178 428 764 678 928
4
179 429 606 679 929
5
180 430 960 680 930
4
181 431 36 681 931
4
182 432 51 682 932
5
183 433 101 683 933
4
184 434 861 684 934
4
185 435 100 685 935
5
186 436 379 686 936
5
187 437 158 687 937
4
188 438 676 688 938
4
189 439 516 689 939
4
190 440 897 690 940
5
191 441 55 691 941
5
192 442 987 692 942
5
193 443 879 693 943
5
194 444 129 694 944
5
195 445 541 695 945
5
196 446 521 696 946
5
197 447 929 697 947
4
198 448 967 698 948
4
199 449 902 699 949
4
200 450 957 700 950
5
201 451 973 701 951
5
202 452 818 702 952
4
203 453 48 703 953
5
204 454 581 704 954
5
205 455 320 705 955
5
206 456 779 706 956
5
207 457 448 707 957
4
208 458 592 708 958
5
209 459 820 709 959
5
210 460 915 710 960
5
211 461 36 711 961
5
212 462 108 712 962
4
213 463 29 713 963
5
214 464 530 714 964
4
215 465 874 715 965
5
216 466 200 716 966
4
217 467 783 717 967
5
218 468 497 718 968
4
219 469 710 719 969
5
220 470 164 720 970
5
221 471 406 721 971
4
222 472 953 722 972
4
223 473 609 723 973
5
224 474 596 724 974
4
225 475 780 725 975
4
226 476 193 726 976
5
227 477 764 727 977
5
228 478 937 728 978
5
229 479 751 729 979
4
230 480 188 730 980
4
231 481 417 731 981
5
232 482 736 732 982
5
233 483 384 733 983
5
234 484 968 734 984
4
235 485 930 735 985
4
236 486 616 736 986
4
237 487 566 737 987
5
238 488 336 738 988
5
239 489 736 739 989
5
240 490 504 740 990
5
241 491 609 741 991
5
242 492 835 742 992
5
243 493 926 743 993
5
244 494 479 744 994
5
245 495 959 745 995
5
246 496 332 746 996
4
247 497 995 747 997
4
248 498 426 748 998
5
249 499 850 749 999
4
250 500 32 750 1000
5
